1 2
2 3
4 5
5 6
6 7
7 8
8 9
9 10
10 11
11 12
12 13
2 17
4 20
7 23
9 26
13 30
15 16
16 17
17 18
18 19
19 20
20 21
21 22
22 23
23 24
24 25
25 26
26 27
27 28
28 29
29 30
23 31
17 33
20 36
23 40
26 45
30 49
32 33
33 34
34 35
35 36
36 37
37 38
38 39
39 40
40 41
41 42
42 43
43 44
44 45
45 46
46 47
47 48
48 49
33 52
36 56
40 60
45 65
49 69
31 51
51 79
52 53
53 54
54 55
55 56
56 57
57 58
58 59
59 60
60 70
70 71
71 72
72 79
60 61
61 62
62 63
63 64
64 65
65 66
66 67
67 68
68 69
70 73
70 76
71 74
71 77
72 75
72 78